49400.00 1.046622871e-06 6.503459193e-07 0.053
49765.25 -1.191189574e-07 3.96516511e-07 0.053
50130.50 4.416191697e-07 3.883272834e-07 0.053
50495.75 -6.545777136e-07 3.509580218e-07 0.053
50861.00 -1.433886109e-06 2.944201437e-07 0.053
51226.25 -4.643597641e-07 2.574380415e-07 0.053
51591.50 -3.257630988e-09 2.402509352e-07 0.053
51956.75 1.534528273e-07 2.399526295e-07 0.053
52322.00 4.513908327e-07 2.295917961e-07 0.053
52687.25 3.488984244e-08 2.298751574e-07 0.053
53052.50 -1.633040321e-07 2.116368718e-07 0.053
53417.75 2.621735796e-07 1.901700425e-07 0.053
53783.00 5.909092247e-08 1.832893875e-07 0.053
54148.25 2.908264933e-07 1.758688381e-07 0.053
54513.50 4.504778697e-07 1.575673951e-07 0.053
54878.75 3.596318057e-07 1.342768557e-07 0.053
55244.00 2.038886903e-07 1.133812482e-07 0.053
55609.25 -5.319946885e-08 1.5049907e-07 0.053
55974.50 -8.623612281e-07 2.429194508e-07 0.053
