49400.00 2.167263795e-07 6.504277241e-07 0.053
49765.25 -5.178085685e-07 3.965677858e-07 0.053
50130.50 5.350938206e-07 3.883737621e-07 0.053
50495.75 1.554215729e-07 3.50997084e-07 0.053
50861.00 -4.272526751e-07 2.94466556e-07 0.053
51226.25 -7.505502264e-08 2.574693822e-07 0.053
51591.50 3.016358974e-10 2.402777243e-07 0.053
51956.75 -5.320474832e-08 2.399942006e-07 0.053
52322.00 2.224479517e-07 2.296202196e-07 0.053
52687.25 -8.609649933e-08 2.299006572e-07 0.053
53052.50 -1.811591853e-07 2.116613883e-07 0.053
53417.75 1.355954772e-07 1.902181389e-07 0.053
53783.00 -9.641306389e-08 1.833147547e-07 0.053
54148.25 -2.666250543e-10 1.758829024e-07 0.053
54513.50 1.211195207e-07 1.575640564e-07 0.053
54878.75 9.63719324e-08 1.343038603e-07 0.053
55244.00 1.2024163e-07 1.133952206e-07 0.053
55609.25 1.639599461e-07 1.505151468e-07 0.053
55974.50 -3.300234788e-07 2.429286815e-07 0.053
