1975.48 111.437 42589
1975.51 108.898 42599
1975.54 106.349 42609
1975.57 103.795 42619
1975.59 101.228 42629
1975.62 98.65 42639
1975.65 96.0627 42649
1975.68 93.4635 42659
1975.7 90.8493 42669
1975.73 88.2202 42679
1975.76 85.5792 42689
1975.79 82.9202 42699
1975.81 80.2433 42709
1975.84 77.5275 42719
1975.87 74.7997 42729
1975.9 72.057 42739
1975.92 69.3053 42749
1975.95 66.5477 42759
1975.98 63.7842 42769
1976.01 61.0177 42779
1976.03 58.2513 42789
1976.06 55.491 42799
1976.09 52.7427 42809
1976.11 50.0034 42819
1976.14 47.2823 42829
1976.17 44.5942 42839
1976.2 41.9272 42849
1976.22 39.2812 42859
1976.25 36.6593 42869
1976.28 34.0674 42879
1976.31 31.4996 42889
1976.33 28.9859 42899
1976.36 26.5113 42909
1976.39 24.0577 42919
1976.42 21.6251 42929
1976.44 19.2106 42939
1976.47 16.8082 42949
1976.5 14.4179 42959
1976.53 12.0366 42969
1976.55 9.65837 42979
1976.58 7.2772 42989
1976.61 4.8901 42999
1976.64 2.49406 43009
1976.66 0.0830864 43019
1976.69 -2.36683 43029
1976.72 -4.83768 43039
1976.74 -7.32647 43049
1976.77 -9.8302 43059
1976.8 -12.3549 43069
1976.83 -14.8945 43079
1976.85 -17.482 43089
1976.88 -20.0815 43099
1976.91 -22.6929 43109
1976.94 -25.3073 43119
1976.96 -27.9185 43129
1976.99 -30.5268 43139
1977.02 -31.8299 43149
1977.04 -31.822 43159
1977.07 -31.7961 43169
1977.1 -31.7461 43179
1977.13 -31.666 43189
1977.15 -31.5558 43199
1977.18 -31.3796 43209
1977.21 -31.1644 43219
1977.24 -30.916 43229
1977.26 -30.6316 43239
1977.29 -30.3142 43249
1977.32 -29.9637 43259
1977.34 -29.6161 43269
1977.37 -29.2415 43279
1977.4 -28.8428 43289
1977.43 -28.42 43299
1977.45 -27.9792 43309
1977.48 -27.5263 43319
1977.51 -27.1123 43329
1977.54 -26.6923 43339
1977.56 -26.2662 43349
1977.59 -25.8431 43359
1977.62 -25.4199 43369
1977.65 -25.0026 43379
1977.67 -24.6603 43389
1977.7 -24.3269 43399
1977.73 -24.0084 43409
1977.76 -23.6989 43419
1977.78 -23.4044 43429
1977.81 -23.1217 43439
1977.84 -22.917 43449
1977.87 -22.7243 43459
1977.89 -22.5464 43469
1977.92 -22.3835 43479
1977.95 -22.2326 43489
1977.97 -22.0966 43499
1978 -21.9815 43509
1978.03 -21.8784 43519
1978.06 -21.7842 43529
1978.08 -21.6959 43539
1978.11 -21.6106 43549
1978.14 -21.5282 43559
1978.17 -21.4518 43569
1978.19 -21.3692 43579
1978.22 -21.2807 43589
1978.25 -21.183 43599
1978.28 -21.0703 43609
1978.3 -20.9426 43619
1978.33 -20.7818 43629
1978.36 -20.5939 43639
1978.39 -20.3849 43649
1978.41 -20.1579 43659
1978.44 -19.9069 43669
1978.47 -19.6347 43679
1978.5 -19.3355 43689
1978.52 -19.0003 43699
1978.55 -18.644 43709
1978.58 -18.2756 43719
1978.61 -17.8951 43729
1978.63 -17.5026 43739
1978.66 -17.1041 43749
1978.69 -16.6994 43759
1978.71 -16.2917 43769
1978.74 -15.89 43779
1978.77 -15.4942 43789
1978.8 -15.1103 43799
1978.82 -14.7413 43809
1978.85 -14.4653 43819
1978.88 -14.2043 43829
1978.91 -13.9641 43839
1978.93 -13.742 43849
1978.96 -13.5407 43859
1978.99 -13.3544 43869
1979.02 -13.204 43879
1979.04 -13.0716 43889
1979.07 -12.9541 43899
1979.1 -12.8455 43909
1979.13 -12.7519 43919
1979.15 -12.6612 43929
1979.18 -12.5854 43939
1979.21 -12.5096 43949
1979.24 -12.4308 43959
1979.26 -12.3518 43969
1979.29 -12.2668 43979
1979.32 -12.1698 43989
1979.34 -12.0516 43999
1979.37 -11.9184 44009
1979.4 -11.7732 44019
1979.43 -11.6069 44029
1979.45 -11.4225 44039
1979.48 -11.2201 44049
1979.51 -11.0236 44059
1979.54 -10.812 44069
1979.56 -10.5794 44079
1979.59 -10.3287 44089
1979.62 -10.066 44099
1979.65 -9.79116 44109
1979.67 -9.54329 44119
1979.7 -9.28935 44129
1979.73 -9.02936 44139
1979.76 -8.7753 44149
1979.78 -8.52418 44159
1979.81 -8.282 44169
1979.84 -8.10875 44179
1979.87 -7.95344 44189
1979.89 -7.81908 44199
1979.92 -7.70564 44209
1979.95 -7.61615 44219
1979.97 -7.55659 44229
1980 -7.55998 44239
1980.03 -7.5933 44249
1980.06 -7.65355 44259
1980.08 -7.74375 44269
1980.11 -7.85788 44279
1980.14 -7.99895 44289
1980.17 -8.17596 44299
1980.19 -8.37991 44309
1980.22 -8.59879 44319
1980.25 -8.82361 44329
1980.28 -9.05437 44339
1980.3 -9.28207 44349
1980.33 -9.4977 44359
1980.36 -9.69227 44369
1980.39 -9.87178 44379
1980.41 -10.0362 44389
1980.44 -10.1796 44399
1980.47 -10.3049 44409
1980.5 -10.4032 44419
1980.52 -10.4474 44429
1980.55 -10.4675 44439
1980.58 -10.4636 44449
1980.61 -10.4416 44459
1980.63 -10.3986 44469
1980.66 -10.3375 44479
1980.69 -10.2433 44489
1980.71 -10.1401 44499
1980.74 -10.0278 44509
1980.77 -9.91539 44519
1980.8 -9.80597 44529
1980.82 -9.70248 44539
1980.85 -9.62593 44549
1980.88 -9.56432 44559
1980.91 -9.51765 44569
1980.93 -9.48892 44579
1980.96 -9.48112 44589
1980.99 -9.49726 44599
1981.01 -9.56434 44609
1981.04 -9.65535 44619
1981.07 -9.76431 44629
1981.1 -9.8912 44639
1981.12 -10.033 44649
1981.15 -10.1868 44659
1981.18 -10.3615 44669
1981.21 -10.5421 44679
1981.23 -10.7197 44689
1981.26 -10.8942 44699
1981.29 -11.0627 44709
1981.31 -11.2131 44719
1981.34 -11.3304 44729
1981.37 -11.4267 44739
1981.4 -11.4989 44749
1981.42 -11.55 44759
1981.45 -11.5771 44769
1981.48 -11.5771 44779
1981.51 -11.5231 44789
1981.53 -11.442 44799
1981.56 -11.3398 44809
1981.59 -11.2226 44819
1981.62 -11.0903 44829
1981.64 -10.946 44839
1981.67 -10.7925 44849
1981.7 -10.6361 44859
1981.73 -10.4825 44869
1981.75 -10.3319 44879
1981.78 -10.1903 44889
1981.81 -10.0635 44899
1981.84 -9.96974 44909
1981.86 -9.90289 44919
1981.89 -9.85398 44929
1981.92 -9.826 44939
1981.94 -9.81296 44949
1981.97 -9.81786 44959
1982 -9.8557 44969
1982.03 -9.92048 44979
1982.05 -9.99719 44989
1982.08 -10.0828 44999
1982.11 -10.1744 45009
1982.14 -10.269 45019
1982.16 -10.3574 45029
1982.19 -10.4398 45039
1982.22 -10.5132 45049
1982.25 -10.5744 45059
1982.27 -10.6206 45069
1982.3 -10.6488 45079
1982.33 -10.6469 45089
1982.36 -10.6539 45099
1982.38 -10.6369 45109
1982.41 -10.5958 45119
1982.44 -10.5366 45129
1982.47 -10.4594 45139
1982.49 -10.3611 45149
1982.52 -10.2898 45159
1982.55 -10.2004 45169
1982.57 -10.1049 45179
1982.6 -10.0004 45189
1982.63 -9.89278 45199
1982.66 -9.78512 45209
1982.68 -9.7374 45219
1982.71 -9.69262 45229
1982.74 -9.65378 45239
1982.77 -9.62687 45249
1982.79 -9.6119 45259
1982.82 -9.61187 45269
1982.85 -9.64478 45279
1982.88 -9.69563 45289
1982.9 -9.76441 45299
1982.93 -9.84513 45309
1982.96 -9.93779 45319
1982.99 -10.0454 45329
1983.01 -10.1709 45339
1983.04 -10.3084 45349
1983.07 -10.4518 45359
1983.1 -10.5981 45369
1983.12 -10.7474 45379
1983.15 -10.8997 45389
1983.18 -11.0428 45399
1983.21 -11.1829 45409
1983.23 -11.3169 45419
1983.26 -11.4419 45429
1983.29 -11.5548 45439
1983.31 -11.6587 45449
1983.34 -11.7355 45459
1983.37 -11.7972 45469
1983.4 -11.8469 45479
1983.42 -11.8785 45489
1983.45 -11.901 45499
1983.48 -11.9055 45509
1983.51 -11.8859 45519
1983.53 -11.8512 45529
1983.56 -11.8075 45539
1983.59 -11.7578 45549
1983.62 -11.7019 45559
1983.64 -11.643 45569
1983.67 -11.5871 45579
1983.7 -11.528 45589
1983.73 -11.475 45599
1983.75 -11.4218 45609
1983.78 -11.3776 45619
1983.81 -11.3363 45629
1983.84 -11.316 45639
1983.86 -11.3046 45649
1983.89 -11.3051 45659
1983.92 -11.3146 45669
1983.94 -11.33 45679
1983.97 -11.3574 45689
1984 -11.3967 45699
1984.03 -11.4539 45709
1984.05 -11.5141 45719
1984.08 -11.5832 45729
1984.11 -11.6552 45739
1984.14 -11.7332 45749
1984.16 -11.8081 45759
1984.19 -11.832 45769
1984.22 -11.8558 45779
1984.25 -11.8765 45789
1984.27 -11.8942 45799
1984.3 -11.9058 45809
1984.33 -11.9113 45819
1984.36 -11.9048 45829
1984.38 -11.8892 45839
1984.41 -11.8676 45849
1984.44 -11.8399 45859
1984.47 -11.8061 45869
1984.49 -11.7663 45879
1984.52 -11.7144 45889
1984.55 -11.6595 45899
1984.57 -11.5985 45909
1984.6 -11.5344 45919
1984.63 -11.4672 45929
1984.66 -11.4 45939
1984.68 -11.3298 45949
1984.71 -11.2594 45959
1984.74 -11.1921 45969
1984.77 -11.1246 45979
1984.79 -11.0601 45989
1984.82 -11.0015 45999
1984.85 -10.9519 46009
1984.88 -10.9082 46019
1984.9 -10.8704 46029
1984.93 -10.8356 46039
1984.96 -10.8067 46049
1984.99 -10.7838 46059
1985.01 -10.7728 46069
1985.04 -10.7647 46079
1985.07 -10.7595 46089
1985.09 -10.7603 46099
1985.12 -10.7611 46109
1985.15 -10.7648 46119
1985.18 -10.7684 46129
1985.2 -10.7719 46139
1985.23 -10.7754 46149
1985.26 -10.7759 46159
1985.28 -10.7762 46169
1985.31 -10.7765 46179
1985.34 -10.7678 46189
1985.37 -10.756 46199
1985.39 -10.7441 46209
1985.42 -10.7261 46219
1985.45 -10.7081 46229
1985.48 -10.6871 46239
1985.5 -10.6599 46249
1985.53 -10.6327 46259
1985.56 -10.6025 46269
1985.59 -10.5752 46279
1985.61 -10.5448 46289
1985.64 -10.5203 46299
1985.67 -10.4958 46309
1985.7 -10.4773 46319
1985.72 -10.4616 46329
1985.75 -10.4489 46339
1985.78 -10.4422 46349
1985.8 -10.4414 46359
1985.83 -10.4465 46369
1985.86 -10.4666 46379
1985.89 -10.4895 46389
1985.91 -10.5185 46399
1985.94 -10.5534 46409
1985.97 -10.5942 46419
1986 -10.6409 46429
1986.02 -10.6936 46439
1986.05 -10.7522 46449
1986.08 -10.8138 46459
1986.11 -10.8753 46469
1986.13 -10.9397 46479
1986.16 -11.0041 46489
1986.19 -11.0684 46499
1986.22 -11.1297 46509
1986.24 -11.1909 46519
1986.27 -11.246 46529
1986.3 -11.298 46539
1986.33 -11.344 46549
1986.35 -11.381 46559
1986.38 -11.4119 46569
1986.41 -11.4367 46579
1986.44 -11.4524 46589
1986.46 -11.4651 46599
1986.49 -11.4687 46609
1986.52 -11.4633 46619
1986.54 -11.4488 46629
1986.57 -11.4283 46639
1986.6 -11.4076 46649
1986.63 -11.3809 46659
1986.65 -11.3542 46669
1986.68 -11.3214 46679
1986.71 -11.2915 46689
1986.74 -11.2616 46699
1986.76 -11.2316 46709
1986.79 -11.2045 46719
1986.82 -11.1834 46729
1986.85 -11.1712 46739
1986.87 -11.165 46749
1986.9 -11.1647 46759
1986.93 -11.1673 46769
1986.96 -11.1789 46779
1986.98 -11.1904 46789
1987.01 -11.2168 46799
1987.04 -11.2462 46809
1987.07 -11.2815 46819
1987.09 -11.3138 46829
1987.12 -11.352 46839
1987.15 -11.3871 46849
1987.18 -11.4222 46859
1987.2 -11.4572 46869
1987.23 -11.4892 46879
1987.26 -11.515 46889
1987.28 -11.5379 46899
1987.31 -11.5576 46909
1987.34 -11.5593 46919
1987.37 -11.555 46929
1987.39 -11.5445 46939
1987.42 -11.5281 46949
1987.45 -11.5055 46959
1987.48 -11.4799 46969
1987.5 -11.4452 46979
1987.53 -11.4075 46989
1987.56 -11.3637 46999
1987.59 -11.3168 47009
1987.61 -11.2699 47019
1987.64 -11.2199 47029
1987.67 -11.1729 47039
1987.7 -11.1257 47049
1987.72 -11.0786 47059
1987.75 -11.0313 47069
1987.78 -10.987 47079
1987.8 -10.9457 47089
1987.83 -10.9072 47099
1987.86 -10.8748 47109
1987.89 -10.8482 47119
1987.91 -10.8216 47129
1987.94 -10.7979 47139
1987.97 -10.7772 47149
1988 -10.7594 47159
1988.02 -10.7475 47169
1988.05 -10.7356 47179
1988.08 -10.7266 47189
1988.11 -10.7206 47199
1988.13 -10.7115 47209
1988.16 -10.7023 47219
1988.19 -10.6931 47229
1988.22 -10.6838 47239
1988.24 -10.6684 47249
1988.27 -10.653 47259
1988.3 -10.6375 47269
1988.33 -10.613 47279
1988.35 -10.5854 47289
1988.38 -10.5547 47299
1988.41 -10.518 47309
1988.44 -10.4752 47319
1988.46 -10.4294 47329
1988.49 -10.3774 47339
1988.52 -10.3195 47349
1988.54 -10.2554 47359
1988.57 -10.1883 47369
1988.6 -10.1151 47379
1988.63 -10.0419 47389
1988.65 -9.96863 47399
1988.68 -9.88927 47409
1988.71 -9.81286 47419
1988.74 -9.73338 47429
1988.76 -9.65684 47439
1988.79 -9.58024 47449
1988.82 -9.50958 47459
1988.85 -9.44185 47469
1988.87 -9.38007 47479
1988.9 -9.32121 47489
1988.93 -9.2653 47499
1988.96 -9.21233 47509
1988.98 -9.16229 47519
1989.01 -9.12419 47529
1989.04 -9.08603 47539
1989.06 -9.05081 47549
1989.09 -9.01852 47559
1989.12 -8.98317 47569
1989.15 -8.94776 47579
1989.17 -8.90929 47589
1989.2 -8.86775 47599
1989.23 -8.82315 47609
1989.25 -8.7725 47619
1989.28 -8.71877 47629
1989.31 -8.65899 47639
1989.34 -8.58714 47649
1989.36 -8.50923 47659
1989.39 -8.42526 47669
1989.42 -8.33823 47679
1989.45 -8.24213 47689
1989.47 -8.14298 47699
1989.5 -8.04976 47709
1989.53 -7.95048 47719
1989.56 -7.85113 47729
1989.58 -7.74572 47739
1989.61 -7.64026 47749
1989.64 -7.53772 47759
1989.67 -7.43213 47769
1989.69 -7.33547 47779
1989.72 -7.23876 47789
1989.75 -7.14498 47799
1989.77 -7.05113 47809
1989.8 -6.96023 47819
1989.83 -6.86926 47829
1989.86 -6.78723 47839
1989.88 -6.70514 47849
1989.91 -6.62599 47859
1989.94 -6.54677 47869
1989.97 -6.46749 47879
1989.99 -6.39115 47889
1990.02 -6.32375 47899
1990.05 -6.25329 47909
1990.08 -6.18576 47919
1990.1 -6.11517 47929
1990.13 -6.04152 47939
1990.16 -5.9678 47949
1990.19 -5.90003 47959
1990.21 -5.83219 47969
1990.24 -5.76429 47979
1990.27 -5.69033 47989
1990.3 -5.6193 47999
1990.32 -5.54521 48009
1990.35 -5.48606 48019
1990.38 -5.42385 48029
1990.41 -5.36158 48039
1990.43 -5.29924 48049
1990.46 -5.23684 48059
1990.49 -5.17438 48069
1990.51 -5.12686 48079
1990.54 -5.07927 48089
1990.57 -5.02862 48099
1990.6 -4.98091 48109
1990.62 -4.93314 48119
1990.65 -4.88231 48129
1990.68 -4.84641 48139
1990.71 -4.80745 48149
1990.73 -4.76543 48159
1990.76 -4.72635 48169
1990.79 -4.6812 48179
1990.82 -4.63599 48189
1990.84 -4.58772 48199
1990.87 -4.53639 48209
1990.9 -4.48499 48219
1990.93 -4.42754 48229
1990.95 -4.37002 48239
1990.98 -4.30944 48249
1991.01 -4.24279 48259
1991.04 -4.17609 48269
1991.06 -4.10332 48279
1991.09 -4.03049 48289
1991.12 -3.9546 48299
1991.15 -3.87564 48309
1991.17 -3.81462 48319
1991.2 -3.75054 48329
1991.23 -3.6864 48339
1991.25 -3.6192 48349
1991.28 -3.54893 48359
1991.31 -3.4786 48369
1991.34 -3.42321 48379
1991.36 -3.36776 48389
1991.39 -3.30924 48399
1991.42 -3.24767 48409
1991.45 -3.18903 48419
1991.47 -3.12732 48429
1991.5 -3.06256 48439
1991.53 -2.99773 48449
1991.56 -2.93284 48459
1991.58 -2.87089 48469
1991.61 -2.80588 48479
1991.64 -2.7408 48489
1991.67 -2.67567 48499
1991.69 -2.62847 48509
1991.72 -2.5782 48519
1991.75 -2.53088 48529
1991.77 -2.48649 48539
1991.8 -2.44204 48549
1991.83 -2.40053 48559
1991.86 -2.37396 48569
1991.88 -2.35332 48579
1991.91 -2.33262 48589
1991.94 -2.31186 48599
1991.97 -2.29704 48609
1991.99 -2.28216 48619
1992.02 -2.27021 48629
1992.05 -2.2582 48639
1992.08 -2.24913 48649
1992.1 -2.23999 48659
1992.13 -2.2278 48669
1992.16 -2.21554 48679
1992.19 -2.20022 48689
1992.21 -2.18184 48699
1992.24 -2.16339 48709
1992.27 -2.13888 48719
1992.3 -2.11131 48729
1992.32 -2.08068 48739
1992.35 -2.05599 48749
1992.38 -2.02823 48759
1992.41 -1.99741 48769
1992.43 -1.96353 48779
1992.46 -1.92959 48789
1992.49 -1.88958 48799
1992.51 -1.86151 48809
1992.54 -1.83038 48819
1992.57 -1.79919 48829
1992.6 -1.76494 48839
1992.62 -1.73362 48849
1992.65 -1.70524 48859
1992.68 -1.6768 48869
1992.71 -1.6513 48879
1992.73 -1.62873 48889
1992.76 -1.6091 48899
1992.79 -1.58941 48909
1992.82 -1.57266 48919
1992.84 -1.55885 48929
1992.87 -1.55097 48939
1992.9 -1.54303 48949
1992.93 -1.53803 48959
1992.95 -1.53297 48969
1992.98 -1.53084 48979
1993.01 -1.53165 48989
1993.03 -1.5294 48999
1993.06 -1.52709 49009
1993.09 -1.52471 49019
1993.11 -1.52528 49029
1993.14 -1.52278 49039
1993.17 -1.52321 49049
1993.2 -1.52059 49059
1993.22 -1.5209 49069
1993.25 -1.52116 49079
1993.28 -1.51834 49089
1993.31 -1.51547 49099
1993.33 -1.50954 49109
1993.36 -1.49754 49119
1993.39 -1.48548 49129
1993.42 -1.47336 49139
1993.44 -1.46117 49149
1993.47 -1.44893 49159
1993.5 -1.43962 49169
1993.53 -1.42725 49179
1993.55 -1.41781 49189
1993.58 -1.40532 49199
1993.61 -1.39576 49209
1993.64 -1.38614 49219
1993.66 -1.37346 49229
1993.69 -1.36371 49239
1993.72 -1.35391 49249
1993.74 -1.34704 49259
1993.77 -1.33711 49269
1993.8 -1.32711 49279
1993.83 -1.32006 49289
1993.85 -1.30994 49299
1993.88 -1.30276 49309
1993.91 -1.29251 49319
1993.94 -1.28521 49329
1993.96 -1.27784 49339
1993.99 -1.27041 49349
1994.02 -1.26292 49359
1994.05 -1.25237 49369
1994.07 -1.24475 49379
1994.1 -1.23707 49389
1994.13 -1.22933 49399
1994.16 -1.21853 49409
1994.18 -1.20767 49419
1994.21 -1.19974 49429
1994.24 -1.18875 49439
1994.27 -1.1777 49449
1994.29 -1.16658 49459
1994.32 -1.15241 49469
1994.35 -1.14117 49479
1994.38 -1.12687 49489
1994.4 -1.1125 49499
1994.43 -1.09808 49509
1994.46 -1.08359 49519
1994.48 -1.06904 49529
1994.51 -1.05443 49539
1994.54 -1.03675 49549
1994.57 -1.02202 49559
1994.59 -1.00422 49569
1994.62 -0.986357 49579
1994.65 -0.968434 49589
1994.68 -0.950448 49599
1994.7 -0.9324 49609
1994.73 -0.91429 49619
1994.76 -0.896117 49629
1994.79 -0.877883 49639
1994.81 -0.859586 49649
1994.84 -0.841227 49659
1994.87 -0.819805 49669
1994.9 -0.801322 49679
1994.92 -0.779776 49689
1994.95 -0.761167 49699
1994.98 -0.739497 49709
1995.01 -0.717764 49719
1995.03 -0.695969 49729
1995.06 -0.671112 49739
1995.09 -0.649193 49749
1995.11 -0.624211 49759
1995.14 -0.602167 49769
1995.17 -0.577061 49779
1995.2 -0.554892 49789
1995.22 -0.532662 49799
1995.25 -0.507369 49809
1995.28 -0.482013 49819
1995.31 -0.459596 49829
1995.33 -0.434116 49839
1995.36 -0.411574 49849
1995.39 -0.38897 49859
1995.42 -0.363304 49869
1995.44 -0.340575 49879
1995.47 -0.317784 49889
1995.5 -0.294931 49899
1995.53 -0.272015 49909
1995.55 -0.249037 49919
1995.58 -0.225997 49929
1995.61 -0.205895 49939
1995.64 -0.182731 49949
1995.66 -0.159504 49959
1995.69 -0.142215 49969
1995.72 -0.121864 49979
1995.74 -0.10145 49989
1995.77 -0.0809743 49999
1995.8 -0.0634363 50009
1995.83 -0.042836 50019
1995.85 -0.0251735 50029
1995.88 -0.0074487 50039
1995.91 0.0133383 50049
1995.94 0.0311876 50059
1995.96 0.0520992 50069
1995.99 0.0700729 50079
1996.02 0.088109 50089
1996.05 0.109207 50099
1996.07 0.127368 50109
1996.1 0.148591 50119
1996.13 0.169876 50129
1996.16 0.191223 50139
1996.18 0.212633 50149
1996.21 0.234104 50159
1996.24 0.255638 50169
1996.27 0.280235 50179
1996.29 0.301893 50189
1996.32 0.329614 50199
1996.35 0.351397 50209
1996.38 0.376243 50219
1996.4 0.40115 50229
1996.43 0.42912 50239
1996.46 0.457152 50249
1996.48 0.485246 50259
1996.51 0.513403 50269
1996.54 0.541622 50279
1996.57 0.569903 50289
1996.59 0.598246 50299
1996.62 0.629652 50309
1996.65 0.66112 50319
1996.68 0.69265 50329
1996.7 0.721242 50339
1996.73 0.749897 50349
1996.76 0.778614 50359
1996.79 0.810393 50369
1996.81 0.842234 50379
1996.84 0.871138 50389
1996.87 0.900104 50399
1996.9 0.929132 50409
1996.92 0.958222 50419
1996.95 0.990375 50429
1996.98 1.01959 50439
1997 1.04887 50449
1997.03 1.07821 50459
1997.06 1.10461 50469
1997.08 1.13407 50479
1997.11 1.1636 50489
1997.14 1.19319 50499
1997.17 1.21984 50509
1997.19 1.24655 50519
1997.22 1.27332 50529
1997.25 1.29716 50539
1997.28 1.32406 50549
1997.3 1.35102 50559
1997.33 1.37505 50569
1997.36 1.39613 50579
1997.39 1.41728 50589
1997.41 1.43849 50599
1997.44 1.45977 50609
1997.47 1.4811 50619
1997.5 1.4995 50629
1997.52 1.51496 50639
1997.55 1.53048 50649
1997.58 1.54307 50659
1997.61 1.55571 50669
1997.63 1.56842 50679
1997.66 1.58119 50689
1997.69 1.58803 50699
1997.71 1.59192 50709
1997.74 1.59588 50719
1997.77 1.5999 50729
1997.8 1.60398 50739
1997.82 1.60813 50749
1997.85 1.60334 50759
1997.88 1.5986 50769
1997.91 1.59394 50779
1997.93 1.58933 50789
1997.96 1.58179 50799
1997.99 1.5743 50809
1998.02 1.56388 50819
1998.04 1.55353 50829
1998.07 1.54323 50839
1998.1 1.53 50849
1998.13 1.51383 50859
1998.15 1.49772 50869
1998.18 1.47867 50879
1998.21 1.45669 50889
1998.24 1.43777 50899
1998.26 1.41591 50909
1998.29 1.39111 50919
1998.32 1.36638 50929
1998.34 1.34171 50939
1998.37 1.3171 50949
1998.4 1.28955 50959
1998.43 1.26506 50969
1998.45 1.23764 50979
1998.48 1.21028 50989
1998.51 1.18298 50999
1998.54 1.15574 51009
1998.56 1.12857 51019
1998.59 1.10146 51029
1998.62 1.07141 51039
1998.65 1.04442 51049
1998.67 1.01749 51059
1998.7 0.987629 51069
1998.73 0.960828 51079
1998.76 0.934089 51089
1998.78 0.904413 51099
1998.81 0.877799 51109
1998.84 0.851247 51119
1998.87 0.824757 51129
1998.89 0.79833 51139
1998.92 0.771964 51149
1998.95 0.745661 51159
1998.97 0.719421 51169
1999 0.693242 51179
1999.03 0.670126 51189
1999.06 0.644072 51199
1999.08 0.621081 51209
1999.11 0.598151 51219
1999.14 0.575284 51229
1999.17 0.552479 51239
1999.19 0.532736 51249
1999.22 0.513056 51259
1999.25 0.493438 51269
1999.28 0.473882 51279
1999.3 0.457388 51289
1999.33 0.437957 51299
1999.36 0.421588 51309
1999.39 0.402281 51319
1999.41 0.386036 51329
1999.44 0.369854 51339
1999.47 0.353734 51349
1999.5 0.337676 51359
1999.52 0.32168 51369
1999.55 0.305747 51379
1999.58 0.292876 51389
1999.61 0.277067 51399
1999.63 0.26132 51409
1999.66 0.248636 51419
1999.69 0.233014 51429
1999.71 0.217454 51439
1999.74 0.204957 51449
1999.77 0.189521 51459
1999.8 0.177148 51469
1999.82 0.161837 51479
1999.85 0.149589 51489
1999.88 0.134402 51499
1999.91 0.122278 51509
1999.93 0.107216 51519
1999.96 0.0952169 51529
1999.99 0.0802796 51539
2000.02 0.0654045 51549
2000.04 0.0505917 51559
2000.07 0.0358411 51569
2000.1 0.0211528 51579
2000.13 0.00652674 51589
2000.15 -0.00503707 51599
2000.18 -0.0195386 51609
2000.21 -0.0309779 51619
2000.24 -0.042355 51629
2000.26 -0.0536698 51639
2000.29 -0.0649223 51649
2000.32 -0.0761126 51659
2000.34 -0.0842406 51669
2000.37 -0.0923064 51679
2000.4 -0.10031 51689
2000.43 -0.111251 51699
2000.45 -0.11913 51709
2000.48 -0.129947 51719
2000.51 -0.137702 51729
2000.54 -0.148394 51739
2000.56 -0.156024 51749
2000.59 -0.163592 51759
2000.62 -0.168097 51769
2000.65 -0.17554 51779
2000.67 -0.182921 51789
2000.7 -0.18724 51799
2000.73 -0.194497 51809
2000.76 -0.201691 51819
2000.78 -0.208823 51829
2000.81 -0.215893 51839
2000.84 -0.2229 51849
2000.87 -0.229845 51859
2000.89 -0.239728 51869
2000.92 -0.246549 51879
2000.95 -0.256308 51889
2000.97 -0.266004 51899
2001 -0.272638 51909
2001.03 -0.282209 51919
2001.05 -0.288719 51929
2001.08 -0.298166 51939
2001.11 -0.307551 51949
2001.14 -0.316874 51959
2001.16 -0.326134 51969
2001.19 -0.335332 51979
2001.22 -0.341468 51989
2001.25 -0.347542 51999
2001.27 -0.353554 52009
2001.3 -0.359503 52019
2001.33 -0.36539 52029
2001.36 -0.371214 52039
2001.38 -0.376977 52049
2001.41 -0.382677 52059
2001.44 -0.385315 52069
2001.47 -0.387891 52079
2001.49 -0.390404 52089
2001.52 -0.392855 52099
2001.55 -0.392244 52109
2001.57 -0.391571 52119
2001.6 -0.393835 52129
2001.63 -0.396037 52139
2001.66 -0.395177 52149
2001.68 -0.394255 52159
2001.71 -0.39327 52169
2001.74 -0.392223 52179
2001.77 -0.391114 52189
2001.79 -0.389943 52199
2001.82 -0.388709 52209
2001.85 -0.387414 52219
2001.88 -0.383055 52229
2001.9 -0.378635 52239
2001.93 -0.377152 52249
2001.96 -0.375608 52259
2001.99 -0.374 52269
2002.01 -0.369331 52279
2002.04 -0.364599 52289
2002.07 -0.359806 52299
2002.1 -0.354949 52309
2002.12 -0.353031 52319
2002.15 -0.34805 52329
2002.18 -0.346008 52339
2002.21 -0.340902 52349
2002.23 -0.332735 52359
2002.26 -0.330505 52369
2002.29 -0.325213 52379
2002.31 -0.322859 52389
2002.34 -0.317443 52399
2002.37 -0.311964 52409
2002.4 -0.306423 52419
2002.42 -0.30082 52429
2002.45 -0.298155 52439
2002.48 -0.292427 52449
2002.51 -0.289637 52459
2002.53 -0.283785 52469
2002.56 -0.277871 52479
2002.59 -0.274894 52489
2002.62 -0.271855 52499
2002.64 -0.265754 52509
2002.67 -0.26259 52519
2002.7 -0.256365 52529
2002.73 -0.253077 52539
2002.75 -0.246726 52549
2002.78 -0.243314 52559
2002.81 -0.239839 52569
2002.84 -0.236302 52579
2002.86 -0.229703 52589
2002.89 -0.223042 52599
2002.92 -0.219318 52609
2002.94 -0.215532 52619
2002.97 -0.211684 52629
2003 -0.204773 52639
2003.03 -0.200801 52649
2003.05 -0.193766 52659
2003.08 -0.189668 52669
2003.11 -0.185509 52679
2003.14 -0.181287 52689
2003.16 -0.180003 52699
2003.19 -0.175657 52709
2003.22 -0.171248 52719
2003.25 -0.166778 52729
2003.27 -0.165245 52739
2003.3 -0.163649 52749
2003.33 -0.161992 52759
2003.36 -0.160272 52769
2003.38 -0.15549 52779
2003.41 -0.153646 52789
2003.44 -0.151739 52799
2003.47 -0.149771 52809
2003.49 -0.14774 52819
2003.52 -0.145646 52829
2003.55 -0.143491 52839
2003.57 -0.138273 52849
2003.6 -0.132993 52859
2003.63 -0.127651 52869
2003.66 -0.122246 52879
2003.68 -0.116779 52889
2003.71 -0.10825 52899
2003.74 -0.0996591 52909
2003.77 -0.0940055 52919
2003.79 -0.0882897 52929
2003.82 -0.0825117 52939
2003.85 -0.0736714 52949
2003.88 -0.0677688 52959
2003.9 -0.058804 52969
2003.93 -0.0557769 52979
2003.96 -0.0496876 52989
2003.99 -0.0465361 52999
2004.01 -0.0433222 53009
2004.04 -0.0370462 53019
2004.07 -0.0337078 53029
2004.1 -0.0333073 53039
2004.12 -0.0328444 53049
2004.15 -0.0323194 53059
2004.18 -0.031732 53069
2004.21 -0.0340824 53079
2004.23 -0.0333706 53089
2004.26 -0.0355965 53099
2004.29 -0.0377602 53109
2004.31 -0.0428616 53119
2004.34 -0.0449007 53129
2004.37 -0.0498776 53139
2004.4 -0.0517922 53149
2004.42 -0.0566446 53159
2004.45 -0.0644348 53169
2004.48 -0.0691627 53179
2004.51 -0.0738283 53189
2004.53 -0.0814317 53199
2004.56 -0.0889728 53209
2004.59 -0.0964517 53219
2004.62 -0.103868 53229
2004.64 -0.111223 53239
2004.67 -0.118515 53249
2004.7 -0.125745 53259
2004.73 -0.132912 53269
2004.75 -0.140018 53279
2004.78 -0.147061 53289
2004.81 -0.151042 53299
2004.84 -0.15796 53309
2004.86 -0.164817 53319
2004.89 -0.168611 53329
2004.92 -0.172342 53339
2004.94 -0.179012 53349
2004.97 -0.182619 53359
2005 -0.186164 53369
2005.02 -0.189647 53379
2005.05 -0.193068 53389
2005.08 -0.193426 53399
2005.11 -0.196722 53409
2005.13 -0.196956 53419
2005.16 -0.200128 53429
2005.19 -0.200237 53439
2005.22 -0.200284 53449
2005.24 -0.200269 53459
2005.27 -0.203191 53469
2005.3 -0.203052 53479
2005.33 -0.20285 53489
2005.35 -0.199586 53499
2005.38 -0.199259 53509
2005.41 -0.19887 53519
2005.44 -0.198419 53529
2005.46 -0.194906 53539
2005.49 -0.194331 53549
2005.52 -0.193693 53559
2005.54 -0.192993 53569
2005.57 -0.192231 53579
2005.6 -0.191406 53589
2005.63 -0.19052 53599
2005.65 -0.189571 53609
2005.68 -0.188559 53619
2005.71 -0.190486 53629
2005.74 -0.18935 53639
2005.76 -0.191152 53649
2005.79 -0.192892 53659
2005.82 -0.191569 53669
2005.85 -0.193185 53679
2005.87 -0.194738 53689
2005.9 -0.196228 53699
2005.93 -0.200657 53709
2005.96 -0.202023 53719
2005.98 -0.206327 53729
2006.01 -0.207569 53739
2006.04 -0.211748 53749
2006.07 -0.215866 53759
2006.09 -0.219921 53769
2006.12 -0.226913 53779
2006.15 -0.230844 53789
2006.18 -0.234712 53799
2006.2 -0.241518 53809
2006.23 -0.245262 53819
2006.26 -0.248943 53829
2006.28 -0.255562 53839
2006.31 -0.262119 53849
2006.34 -0.265614 53859
2006.37 -0.272047 53869
2006.39 -0.278417 53879
2006.42 -0.281725 53889
2006.45 -0.28797 53899
2006.48 -0.294154 53909
2006.5 -0.297275 53919
2006.53 -0.303334 53929
2006.56 -0.306331 53939
2006.59 -0.312265 53949
2006.61 -0.318137 53959
2006.64 -0.320947 53969
2006.67 -0.326695 53979
2006.7 -0.32938 53989
2006.72 -0.335003 53999
2006.75 -0.340564 54009
2006.78 -0.346063 54019
2006.8 -0.351499 54029
2006.83 -0.356874 54039
2006.86 -0.362185 54049
2006.89 -0.367435 54059
2006.91 -0.372622 54069
2006.94 -0.380748 54079
2006.97 -0.385811 54089
2007 -0.393811 54099
2007.02 -0.40175 54109
2007.05 -0.409626 54119
2007.08 -0.41744 54129
2007.11 -0.422191 54139
2007.13 -0.429881 54149
2007.16 -0.437508 54159
2007.19 -0.445073 54169
2007.22 -0.449575 54179
2007.24 -0.457016 54189
2007.27 -0.461394 54199
2007.3 -0.46571 54209
2007.33 -0.469963 54219
2007.35 -0.471155 54229
2007.38 -0.475284 54239
2007.41 -0.47635 54249
2007.44 -0.480355 54259
2007.46 -0.481297 54269
2007.49 -0.482177 54279
2007.52 -0.485995 54289
2007.54 -0.486751 54299
2007.57 -0.487444 54309
2007.6 -0.488075 54319
2007.63 -0.488644 54329
2007.65 -0.489151 54339
2007.68 -0.489595 54349
2007.71 -0.489977 54359
2007.74 -0.490297 54369
2007.76 -0.490555 54379
2007.79 -0.49075 54389
2007.82 -0.490883 54399
2007.85 -0.490954 54409
2007.87 -0.490962 54419
2007.9 -0.490909 54429
2007.93 -0.490793 54439
2007.96 -0.490614 54449
2007.98 -0.490374 54459
2008.01 -0.490071 54469
2008.04 -0.489706 54479
2008.07 -0.489279 54489
2008.09 -0.48879 54499
2008.12 -0.488238 54509
2008.15 -0.487624 54519
2008.18 -0.486948 54529
2008.2 -0.486209 54539
2008.23 -0.482408 54549
2008.26 -0.481545 54559
2008.28 -0.48062 54569
2008.31 -0.479633 54579
2008.34 -0.478583 54589
2008.37 -0.474471 54599
2008.39 -0.473297 54609
2008.42 -0.47206 54619
2008.45 -0.467762 54629
2008.48 -0.466401 54639
2008.5 -0.464977 54649
2008.53 -0.463492 54659
2008.56 -0.461944 54669
2008.59 -0.460334 54679
2008.61 -0.458662 54689
2008.64 -0.453927 54699
2008.67 -0.45213 54709
2008.7 -0.450271 54719
2008.72 -0.44535 54729
2008.75 -0.443367 54739
2008.78 -0.438321 54749
2008.8 -0.436213 54759
2008.83 -0.431042 54769
2008.86 -0.42581 54779
2008.89 -0.420515 54789
2008.91 -0.415158 54799
2008.94 -0.409739 54809
2008.97 -0.404257 54819
2009 -0.398713 54829
2009.02 -0.393107 54839
2009.05 -0.384439 54849
2009.08 -0.378709 54859
2009.1 -0.372916 54869
2009.13 -0.364061 54879
2009.16 -0.358143 54889
2009.19 -0.349164 54899
2009.21 -0.343122 54909
2009.24 -0.334018 54919
2009.27 -0.327852 54929
2009.3 -0.318623 54939
2009.32 -0.309332 54949
2009.35 -0.302979 54959
2009.38 -0.293564 54969
2009.41 -0.287086 54979
2009.43 -0.277546 54989
2009.46 -0.270944 54999
2009.49 -0.26128 55009
2009.51 -0.251553 55019
2009.54 -0.244764 55029
2009.57 -0.234913 55039
2009.6 -0.228 55049
2009.62 -0.221024 55059
2009.65 -0.210986 55069
2009.68 -0.203886 55079
2009.71 -0.196724 55089
2009.73 -0.189499 55099
2009.76 -0.182212 55109
2009.79 -0.174863 55119
2009.82 -0.167452 55129
2009.84 -0.162978 55139
2009.87 -0.155442 55149
2009.9 -0.150844 55159
2009.93 -0.143184 55169
2009.95 -0.135461 55179
2009.98 -0.130676 55189
2010.01 -0.122829 55199
2010.04 -0.11492 55209
2010.06 -0.106948 55219
2010.09 -0.101914 55229
2010.12 -0.0938179 55239
2010.15 -0.0856595 55249
2010.17 -0.0774388 55259
2010.2 -0.0691559 55269
2010.23 -0.0578107 55279
2010.25 -0.0494033 55289
2010.28 -0.0379336 55299
2010.31 -0.0294017 55309
2010.34 -0.0178075 55319
2010.36 -0.00615108 55329
2010.39 0.00556761 55339
2010.42 0.0173486 55349
2010.45 0.0291918 55359
2010.47 0.0410972 55369
2010.5 0.0530649 55379
2010.53 0.0650949 55389
2010.56 0.0771871 55399
2010.58 0.0923415 55409
2010.61 0.104558 55419
2010.64 0.116837 55429
2010.67 0.132178 55439
2010.69 0.144582 55449
2010.72 0.160048 55459
2010.75 0.172576 55469
2010.77 0.188166 55479
2010.8 0.200818 55489
2010.83 0.216533 55499
2010.86 0.22931 55509
2010.88 0.245149 55519
2010.91 0.258051 55529
2010.94 0.274014 55539
2010.97 0.28704 55549
2010.99 0.303129 55559
2011.02 0.316279 55569
2011.05 0.332492 55579
2011.08 0.345767 55589
2011.1 0.362104 55599
2011.13 0.375504 55609
2011.16 0.388966 55619
2011.19 0.40549 55629
2011.21 0.419076 55639
2011.24 0.432724 55649
2011.27 0.449435 55659
2011.3 0.463208 55669
2011.32 0.477043 55679
2011.35 0.490941 55689
2011.38 0.504901 55699
2011.41 0.521923 55709
2011.43 0.536007 55719
2011.46 0.550154 55729
2011.49 0.564362 55739
2011.51 0.578633 55749
2011.54 0.589967 55759
2011.57 0.604362 55769
2011.6 0.61882 55779
2011.62 0.63034 55789
2011.65 0.644922 55799
2011.68 0.656567 55809
2011.71 0.671274 55819
2011.73 0.683043 55829
2011.76 0.694874 55839
2011.79 0.706768 55849
2011.82 0.718724 55859
2011.84 0.730742 55869
2011.87 0.739822 55879
2011.9 0.751965 55889
2011.93 0.76117 55899
2011.95 0.770437 55909
2011.98 0.779766 55919
2012.01 0.789158 55929
2012.04 0.798611 55939
2012.06 0.808128 55949
2012.09 0.817706 55959
2012.12 0.827346 55969
2012.15 0.837049 55979
2012.17 0.846814 55989
2012.2 0.853642 55999
2012.23 0.863531 56009
2012.25 0.873483 56019
2012.28 0.880497 56029
2012.31 0.890574 56039
2012.34 0.897712 56049
2012.36 0.904913 56059
2012.39 0.912176 56069
2012.42 0.919502 56079
2012.45 0.926889 56089
2012.47 0.934339 56099
2012.5 0.941852 56109
2012.53 0.946426 56119
2012.56 0.951063 56129
2012.58 0.955761 56139
2012.61 0.960523 56149
2012.64 0.965346 56159
2012.67 0.970232 56169
2012.69 0.97218 56179
2012.72 0.97419 56189
2012.75 0.976262 56199
2012.77 0.978397 56209
2012.8 0.980594 56219
2012.83 0.982853 56229
2012.86 0.985174 56239
2012.88 0.987558 56249
2012.91 0.990004 56259
2012.94 0.992512 56269
2012.97 0.995083 56279
2012.99 0.994715 56289
2013.02 0.99741 56299
2013.05 1.00017 56309
2013.07 1.00299 56319
2013.1 1.00587 56329
2013.13 1.00881 56339
2013.16 1.01182 56349
2013.18 1.01489 56359
2013.21 1.01802 56369
2013.24 1.02121 56379
2013.27 1.02447 56389
2013.29 1.02778 56399
2013.32 1.03116 56409
2013.35 1.03461 56419
2013.38 1.03811 56429
2013.4 1.04168 56439
2013.43 1.0453 56449
2013.46 1.046 56459
2013.48 1.04975 56469
2013.51 1.05356 56479
2013.54 1.05744 56489
2013.57 1.06138 56499
2013.59 1.06538 56509
2013.62 1.06945 56519
2013.65 1.07358 56529
2013.68 1.07776 56539
2013.7 1.08202 56549
2013.73 1.08633 56559
2013.76 1.09071 56569
2013.79 1.09514 56579
2013.81 1.09964 56589
2013.84 1.10421 56599
2013.87 1.10883 56609
2013.9 1.11352 56619
2013.92 1.11827 56629
2013.95 1.12308 56639
2013.98 1.12795 56649
2023.15 6.26683 60000
