49400.00 -1.98615932e-07 6.505575995e-07 0.053
49765.25 -7.168092755e-07 3.966550623e-07 0.053
50130.50 5.816915588e-07 3.88465613e-07 0.053
50495.75 5.596458218e-07 3.510651869e-07 0.053
50861.00 7.707095526e-08 2.945248474e-07 0.053
51226.25 1.20312097e-07 2.575318168e-07 0.053
51591.50 2.896255162e-09 2.403354608e-07 0.053
51956.75 -1.570449641e-07 2.400358694e-07 0.053
52322.00 1.06179256e-07 2.296729459e-07 0.053
52687.25 -1.465073429e-07 2.299537161e-07 0.053
53052.50 -1.89159315e-07 2.117101411e-07 0.053
53417.75 7.167757815e-08 1.90234693e-07 0.053
53783.00 -1.741308809e-07 1.833551912e-07 0.053
54148.25 -1.454603652e-07 1.759222159e-07 0.053
54513.50 -4.370632356e-08 1.576085426e-07 0.053
54878.75 -3.490154233e-08 1.34327733e-07 0.053
55244.00 7.795934423e-08 1.134153195e-07 0.053
55609.25 2.727844432e-07 1.505519294e-07 0.053
55974.50 -6.388136811e-08 2.429733126e-07 0.053
