1975.48 -110.568 42589
1975.51 -108.03 42599
1975.54 -105.483 42609
1975.57 -102.93 42619
1975.59 -100.366 42629
1975.62 -97.7888 42639
1975.65 -95.2032 42649
1975.68 -92.6055 42659
1975.7 -89.993 42669
1975.73 -87.3655 42679
1975.76 -84.726 42689
1975.79 -82.0686 42699
1975.81 -79.3933 42709
1975.84 -76.6791 42719
1975.87 -73.9529 42729
1975.9 -71.2117 42739
1975.92 -68.4616 42749
1975.95 -65.7056 42759
1975.98 -62.9437 42769
1976.01 -60.1788 42779
1976.03 -57.4139 42789
1976.06 -54.6552 42799
1976.09 -51.9085 42809
1976.11 -49.1708 42819
1976.14 -46.4512 42829
1976.17 -43.7647 42839
1976.2 -41.0992 42849
1976.22 -38.4548 42859
1976.25 -35.8345 42869
1976.28 -33.2442 42879
1976.31 -30.6779 42889
1976.33 -28.1658 42899
1976.36 -25.6927 42909
1976.39 -23.2406 42919
1976.42 -20.8097 42929
1976.44 -18.3967 42939
1976.47 -15.9959 42949
1976.5 -13.6071 42959
1976.53 -11.2273 42969
1976.55 -8.85066 42979
1976.58 -6.47104 42989
1976.61 -4.08548 42999
1976.64 -1.69099 43009
1976.66 0.718447 43019
1976.69 3.16682 43029
1976.72 5.63613 43039
1976.74 8.12339 43049
1976.77 10.6256 43059
1976.8 13.1487 43069
1976.83 15.6868 43079
1976.85 18.2728 43089
1976.88 20.8707 43099
1976.91 23.4806 43109
1976.94 26.0934 43119
1976.96 28.7032 43129
1976.99 31.3099 43139
1977.02 32.6116 43149
1977.04 32.6021 43159
1977.07 32.5747 43169
1977.1 32.5231 43179
1977.13 32.4415 43189
1977.15 32.3299 43199
1977.18 32.1521 43209
1977.21 31.9354 43219
1977.24 31.6855 43229
1977.26 31.3996 43239
1977.29 31.0807 43249
1977.32 30.7286 43259
1977.34 30.3795 43269
1977.37 30.0034 43279
1977.4 29.6032 43289
1977.43 29.1789 43299
1977.45 28.7366 43309
1977.48 28.2822 43319
1977.51 27.8667 43329
1977.54 27.4452 43339
1977.56 27.0177 43349
1977.59 26.593 43359
1977.62 26.1683 43369
1977.65 25.7496 43379
1977.67 25.4058 43389
1977.7 25.0709 43399
1977.73 24.7509 43409
1977.76 24.4399 43419
1977.78 24.1439 43429
1977.81 23.8598 43439
1977.84 23.6536 43449
1977.87 23.4593 43459
1977.89 23.28 43469
1977.92 23.1157 43479
1977.95 22.9633 43489
1977.97 22.8258 43499
1978 22.7092 43509
1978.03 22.6046 43519
1978.06 22.5089 43529
1978.08 22.4192 43539
1978.11 22.3324 43549
1978.14 22.2486 43559
1978.17 22.1707 43569
1978.19 22.0867 43579
1978.22 21.9967 43589
1978.25 21.8976 43599
1978.28 21.7834 43609
1978.3 21.6542 43619
1978.33 21.4919 43629
1978.36 21.3026 43639
1978.39 21.0922 43649
1978.41 20.8637 43659
1978.44 20.6112 43669
1978.47 20.3376 43679
1978.5 20.037 43689
1978.52 19.7003 43699
1978.55 19.3425 43709
1978.58 18.9727 43719
1978.61 18.5908 43729
1978.63 18.1969 43739
1978.66 17.7969 43749
1978.69 17.3908 43759
1978.71 16.9817 43769
1978.74 16.5785 43779
1978.77 16.1812 43789
1978.8 15.7959 43799
1978.82 15.4255 43809
1978.85 15.1481 43819
1978.88 14.8856 43829
1978.91 14.6441 43839
1978.93 14.4204 43849
1978.96 14.2178 43859
1978.99 14.03 43869
1979.02 13.8782 43879
1979.04 13.7444 43889
1979.07 13.6255 43899
1979.1 13.5155 43909
1979.13 13.4204 43919
1979.15 13.3283 43929
1979.18 13.2512 43939
1979.21 13.1739 43949
1979.24 13.0937 43959
1979.26 13.0133 43969
1979.29 12.9269 43979
1979.32 12.8284 43989
1979.34 12.7089 43999
1979.37 12.5743 44009
1979.4 12.4277 44019
1979.43 12.26 44029
1979.45 12.0742 44039
1979.48 11.8704 44049
1979.51 11.6725 44059
1979.54 11.4595 44069
1979.56 11.2255 44079
1979.59 10.9734 44089
1979.62 10.7093 44099
1979.65 10.4331 44109
1979.67 10.1838 44119
1979.7 9.92852 44129
1979.73 9.66715 44139
1979.76 9.41171 44149
1979.78 9.1592 44159
1979.81 8.91564 44169
1979.84 8.74102 44179
1979.87 8.58434 44189
1979.89 8.44859 44199
1979.92 8.33379 44209
1979.95 8.24292 44219
1979.97 8.18199 44229
1980 8.18401 44239
1980.03 8.21596 44249
1980.06 8.27485 44259
1980.08 8.36368 44269
1980.11 8.47645 44279
1980.14 8.61616 44289
1980.17 8.7918 44299
1980.19 8.99439 44309
1980.22 9.21192 44319
1980.25 9.43538 44329
1980.28 9.66478 44339
1980.3 9.89113 44349
1980.33 10.1054 44359
1980.36 10.2986 44369
1980.39 10.4768 44379
1980.41 10.6399 44389
1980.44 10.7819 44399
1980.47 10.9059 44409
1980.5 11.0028 44419
1980.52 11.0457 44429
1980.55 11.0645 44439
1980.58 11.0592 44449
1980.61 11.0359 44459
1980.63 10.9915 44469
1980.66 10.9291 44479
1980.69 10.8335 44489
1980.71 10.729 44499
1980.74 10.6153 44509
1980.77 10.5017 44519
1980.8 10.3909 44529
1980.82 10.2861 44539
1980.85 10.2082 44549
1980.88 10.1453 44559
1980.91 10.0973 44569
1980.93 10.0672 44579
1980.96 10.0581 44589
1980.99 10.0729 44599
1981.01 10.1387 44609
1981.04 10.2284 44619
1981.07 10.336 44629
1981.1 10.4616 44639
1981.12 10.6021 44649
1981.15 10.7546 44659
1981.18 10.928 44669
1981.21 11.1073 44679
1981.23 11.2836 44689
1981.26 11.4568 44699
1981.29 11.624 44709
1981.31 11.7731 44719
1981.34 11.8891 44729
1981.37 11.9841 44739
1981.4 12.055 44749
1981.42 12.1048 44759
1981.45 12.1306 44769
1981.48 12.1293 44779
1981.51 12.074 44789
1981.53 11.9916 44799
1981.56 11.8881 44809
1981.59 11.7696 44819
1981.62 11.6361 44829
1981.64 11.4904 44839
1981.67 11.3357 44849
1981.7 11.178 44859
1981.73 11.0231 44869
1981.75 10.8713 44879
1981.78 10.7283 44889
1981.81 10.6003 44899
1981.84 10.5052 44909
1981.86 10.4371 44919
1981.89 10.3869 44929
1981.92 10.3577 44939
1981.94 10.3434 44949
1981.97 10.347 44959
1982 10.3836 44969
1982.03 10.4471 44979
1982.05 10.5225 44989
1982.08 10.6069 44999
1982.11 10.6973 45009
1982.14 10.7905 45019
1982.16 10.8777 45029
1982.19 10.9589 45039
1982.22 11.031 45049
1982.25 11.091 45059
1982.27 11.136 45069
1982.3 11.1629 45079
1982.33 11.1597 45089
1982.36 11.1655 45099
1982.38 11.1472 45109
1982.41 11.1049 45119
1982.44 11.0445 45129
1982.47 10.966 45139
1982.49 10.8665 45149
1982.52 10.7939 45159
1982.55 10.7032 45169
1982.57 10.6065 45179
1982.6 10.5008 45189
1982.63 10.3919 45199
1982.66 10.283 45209
1982.68 10.2341 45219
1982.71 10.1881 45229
1982.74 10.148 45239
1982.77 10.1199 45249
1982.79 10.1037 45259
1982.82 10.1024 45269
1982.85 10.1341 45279
1982.88 10.1837 45289
1982.9 10.2513 45299
1982.93 10.3308 45309
1982.96 10.4223 45319
1982.99 10.5286 45329
1983.01 10.653 45339
1983.04 10.7892 45349
1983.07 10.9314 45359
1983.1 11.0765 45369
1983.12 11.2246 45379
1983.15 11.3756 45389
1983.18 11.5176 45399
1983.21 11.6565 45409
1983.23 11.7893 45419
1983.26 11.9131 45429
1983.29 12.0248 45439
1983.31 12.1275 45449
1983.34 12.203 45459
1983.37 12.2636 45469
1983.4 12.312 45479
1983.42 12.3425 45489
1983.45 12.3638 45499
1983.48 12.3671 45509
1983.51 12.3463 45519
1983.53 12.3105 45529
1983.56 12.2656 45539
1983.59 12.2146 45549
1983.62 12.1576 45559
1983.64 12.0975 45569
1983.67 12.0404 45579
1983.7 11.9802 45589
1983.73 11.9259 45599
1983.75 11.8716 45609
1983.78 11.8262 45619
1983.81 11.7838 45629
1983.84 11.7623 45639
1983.86 11.7497 45649
1983.89 11.7491 45659
1983.92 11.7574 45669
1983.94 11.7716 45679
1983.97 11.7978 45689
1984 11.836 45699
1984.03 11.892 45709
1984.05 11.951 45719
1984.08 12.019 45729
1984.11 12.0899 45739
1984.14 12.1667 45749
1984.16 12.2405 45759
1984.19 12.2632 45769
1984.22 12.2858 45779
1984.25 12.3054 45789
1984.27 12.3219 45799
1984.3 12.3324 45809
1984.33 12.3368 45819
1984.36 12.3291 45829
1984.38 12.3124 45839
1984.41 12.2896 45849
1984.44 12.2608 45859
1984.47 12.2259 45869
1984.49 12.1849 45879
1984.52 12.1319 45889
1984.55 12.0758 45899
1984.57 12.0136 45909
1984.6 11.9484 45919
1984.63 11.8802 45929
1984.66 11.8118 45939
1984.68 11.7404 45949
1984.71 11.669 45959
1984.74 11.6005 45969
1984.77 11.5319 45979
1984.79 11.4663 45989
1984.82 11.4066 45999
1984.85 11.3558 46009
1984.88 11.311 46019
1984.9 11.2721 46029
1984.93 11.2362 46039
1984.96 11.2062 46049
1984.99 11.1821 46059
1985.01 11.17 46069
1985.04 11.1608 46079
1985.07 11.1546 46089
1985.09 11.1543 46099
1985.12 11.1539 46109
1985.15 11.1565 46119
1985.18 11.159 46129
1985.2 11.1615 46139
1985.23 11.1638 46149
1985.26 11.1632 46159
1985.28 11.1624 46169
1985.31 11.1617 46179
1985.34 11.1518 46189
1985.37 11.1389 46199
1985.39 11.1259 46209
1985.42 11.1069 46219
1985.45 11.0878 46229
1985.48 11.0656 46239
1985.5 11.0374 46249
1985.53 11.0091 46259
1985.56 10.9778 46269
1985.59 10.9494 46279
1985.61 10.9179 46289
1985.64 10.8924 46299
1985.67 10.8668 46309
1985.7 10.8472 46319
1985.72 10.8305 46329
1985.75 10.8167 46339
1985.78 10.8089 46349
1985.8 10.807 46359
1985.83 10.8111 46369
1985.86 10.8301 46379
1985.89 10.852 46389
1985.91 10.8799 46399
1985.94 10.9137 46409
1985.97 10.9534 46419
1986 10.9991 46429
1986.02 11.0508 46439
1986.05 11.1083 46449
1986.08 11.1688 46459
1986.11 11.2293 46469
1986.13 11.2927 46479
1986.16 11.356 46489
1986.19 11.4192 46499
1986.22 11.4794 46509
1986.24 11.5396 46519
1986.27 11.5937 46529
1986.3 11.6447 46539
1986.33 11.6896 46549
1986.35 11.7255 46559
1986.38 11.7554 46569
1986.41 11.7792 46579
1986.44 11.7939 46589
1986.46 11.8055 46599
1986.49 11.8081 46609
1986.52 11.8017 46619
1986.54 11.7861 46629
1986.57 11.7645 46639
1986.6 11.7429 46649
1986.63 11.7152 46659
1986.65 11.6874 46669
1986.68 11.6536 46679
1986.71 11.6227 46689
1986.74 11.5917 46699
1986.76 11.5607 46709
1986.79 11.5326 46719
1986.82 11.5105 46729
1986.85 11.4973 46739
1986.87 11.49 46749
1986.9 11.4887 46759
1986.93 11.4903 46769
1986.96 11.5009 46779
1986.98 11.5114 46789
1987.01 11.5368 46799
1987.04 11.5652 46809
1987.07 11.5995 46819
1987.09 11.6308 46829
1987.12 11.668 46839
1987.15 11.7021 46849
1987.18 11.7362 46859
1987.2 11.7702 46869
1987.23 11.8012 46879
1987.26 11.826 46889
1987.28 11.8479 46899
1987.31 11.8666 46909
1987.34 11.8674 46919
1987.37 11.862 46929
1987.39 11.8506 46939
1987.42 11.8331 46949
1987.45 11.8096 46959
1987.48 11.783 46969
1987.5 11.7473 46979
1987.53 11.7086 46989
1987.56 11.6638 46999
1987.59 11.616 47009
1987.61 11.5681 47019
1987.64 11.5171 47029
1987.67 11.4691 47039
1987.7 11.421 47049
1987.72 11.3729 47059
1987.75 11.3247 47069
1987.78 11.2794 47079
1987.8 11.2371 47089
1987.83 11.1977 47099
1987.86 11.1642 47109
1987.89 11.1367 47119
1987.91 11.1092 47129
1987.94 11.0845 47139
1987.97 11.0628 47149
1988 11.0441 47159
1988.02 11.0313 47169
1988.05 11.0184 47179
1988.08 11.0085 47189
1988.11 11.0015 47199
1988.13 10.9914 47209
1988.16 10.9813 47219
1988.19 10.9711 47229
1988.22 10.9609 47239
1988.24 10.9446 47249
1988.27 10.9282 47259
1988.3 10.9118 47269
1988.33 10.8863 47279
1988.35 10.8578 47289
1988.38 10.8262 47299
1988.41 10.7885 47309
1988.44 10.7448 47319
1988.46 10.698 47329
1988.49 10.6451 47339
1988.52 10.5862 47349
1988.54 10.5213 47359
1988.57 10.4532 47369
1988.6 10.3791 47379
1988.63 10.305 47389
1988.65 10.2308 47399
1988.68 10.1505 47409
1988.71 10.0732 47419
1988.74 9.99277 47429
1988.76 9.91532 47439
1988.79 9.8378 47449
1988.82 9.76622 47459
1988.85 9.69758 47469
1988.87 9.63489 47479
1988.9 9.57513 47489
1988.93 9.5183 47499
1988.96 9.46442 47509
1988.98 9.41348 47519
1989.01 9.37448 47529
1989.04 9.33541 47539
1989.06 9.29929 47549
1989.09 9.2661 47559
1989.12 9.22985 47569
1989.15 9.19355 47579
1989.17 9.15418 47589
1989.2 9.11175 47599
1989.23 9.06626 47609
1989.25 9.01471 47619
1989.28 8.9601 47629
1989.31 8.89942 47639
1989.34 8.82669 47649
1989.36 8.7479 47659
1989.39 8.66304 47669
1989.42 8.57512 47679
1989.45 8.47815 47689
1989.47 8.37811 47699
1989.5 8.28401 47709
1989.53 8.18385 47719
1989.56 8.08363 47729
1989.58 7.97735 47739
1989.61 7.87101 47749
1989.64 7.76761 47759
1989.67 7.66114 47769
1989.69 7.56362 47779
1989.72 7.46603 47789
1989.75 7.37139 47799
1989.77 7.27668 47809
1989.8 7.18491 47819
1989.83 7.09308 47829
1989.86 7.01019 47839
1989.88 6.92724 47849
1989.91 6.84723 47859
1989.94 6.76716 47869
1989.97 6.68703 47879
1989.99 6.60984 47889
1990.02 6.54158 47899
1990.05 6.47027 47909
1990.08 6.40189 47919
1990.1 6.33045 47929
1990.13 6.25595 47939
1990.16 6.1814 47949
1990.19 6.11278 47959
1990.21 6.0441 47969
1990.24 5.97536 47979
1990.27 5.90055 47989
1990.3 5.82869 47999
1990.32 5.75377 48009
1990.35 5.69378 48019
1990.38 5.63074 48029
1990.41 5.56763 48039
1990.43 5.50446 48049
1990.46 5.44124 48059
1990.49 5.37795 48069
1990.51 5.3296 48079
1990.54 5.28119 48089
1990.57 5.22972 48099
1990.6 5.18118 48109
1990.62 5.13259 48119
1990.65 5.08094 48129
1990.68 5.04422 48139
1990.71 5.00445 48149
1990.73 4.96161 48159
1990.76 4.92171 48169
1990.79 4.87576 48179
1990.82 4.82974 48189
1990.84 4.78066 48199
1990.87 4.72852 48209
1990.9 4.67632 48219
1990.93 4.61805 48229
1990.95 4.55973 48239
1990.98 4.49835 48249
1991.01 4.4309 48259
1991.04 4.3634 48269
1991.06 4.28983 48279
1991.09 4.2162 48289
1991.12 4.13952 48299
1991.15 4.05977 48309
1991.17 3.99796 48319
1991.2 3.93309 48329
1991.23 3.86816 48339
1991.25 3.80016 48349
1991.28 3.72911 48359
1991.31 3.658 48369
1991.34 3.60182 48379
1991.36 3.54559 48389
1991.39 3.48629 48399
1991.42 3.42393 48409
1991.45 3.36452 48419
1991.47 3.30204 48429
1991.5 3.2365 48439
1991.53 3.1709 48449
1991.56 3.10523 48459
1991.58 3.04251 48469
1991.61 2.97673 48479
1991.64 2.91089 48489
1991.67 2.84498 48499
1991.69 2.79702 48509
1991.72 2.74599 48519
1991.75 2.6979 48529
1991.77 2.65275 48539
1991.8 2.60754 48549
1991.83 2.56527 48559
1991.86 2.53794 48569
1991.88 2.51655 48579
1991.91 2.4951 48589
1991.94 2.47359 48599
1991.97 2.45801 48609
1991.99 2.44238 48619
1992.02 2.42968 48629
1992.05 2.41693 48639
1992.08 2.40711 48649
1992.1 2.39723 48659
1992.13 2.38429 48669
1992.16 2.37129 48679
1992.19 2.35523 48689
1992.21 2.33611 48699
1992.24 2.31693 48709
1992.27 2.29168 48719
1992.3 2.26338 48729
1992.32 2.23202 48739
1992.35 2.20659 48749
1992.38 2.1781 48759
1992.41 2.14656 48769
1992.43 2.11195 48779
1992.46 2.07728 48789
1992.49 2.03655 48799
1992.51 2.00776 48809
1992.54 1.97591 48819
1992.57 1.94399 48829
1992.6 1.90902 48839
1992.62 1.87699 48849
1992.65 1.84789 48859
1992.68 1.81874 48869
1992.71 1.79252 48879
1992.73 1.76924 48889
1992.76 1.7489 48899
1992.79 1.7285 48909
1992.82 1.71104 48919
1992.84 1.69652 48929
1992.87 1.68794 48939
1992.9 1.6793 48949
1992.93 1.6736 48959
1992.95 1.66783 48969
1992.98 1.66501 48979
1993.01 1.66512 48989
1993.03 1.66218 48999
1993.06 1.65917 49009
1993.09 1.6561 49019
1993.11 1.65597 49029
1993.14 1.65278 49039
1993.17 1.65253 49049
1993.2 1.64922 49059
1993.22 1.64885 49069
1993.25 1.64841 49079
1993.28 1.64492 49089
1993.31 1.64136 49099
1993.33 1.63475 49109
1993.36 1.62207 49119
1993.39 1.60933 49129
1993.42 1.59653 49139
1993.44 1.58367 49149
1993.47 1.57075 49159
1993.5 1.56077 49169
1993.53 1.54773 49179
1993.55 1.53763 49189
1993.58 1.52447 49199
1993.61 1.51424 49209
1993.64 1.50396 49219
1993.66 1.49061 49229
1993.69 1.4802 49239
1993.72 1.46974 49249
1993.74 1.46221 49259
1993.77 1.45162 49269
1993.8 1.44097 49279
1993.83 1.43326 49289
1993.85 1.42249 49299
1993.88 1.41465 49309
1993.91 1.40376 49319
1993.94 1.39581 49329
1993.96 1.38779 49339
1993.99 1.37971 49349
1994.02 1.37158 49359
1994.05 1.36038 49369
1994.07 1.35212 49379
1994.1 1.3438 49389
1994.13 1.33542 49399
1994.16 1.32398 49409
1994.18 1.31248 49419
1994.21 1.30392 49429
1994.24 1.29229 49439
1994.27 1.28061 49449
1994.29 1.26886 49459
1994.32 1.25406 49469
1994.35 1.24219 49479
1994.38 1.22726 49489
1994.4 1.21227 49499
1994.43 1.19722 49509
1994.46 1.18211 49519
1994.48 1.16694 49529
1994.51 1.15171 49539
1994.54 1.13342 49549
1994.57 1.11806 49559
1994.59 1.09965 49569
1994.62 1.08118 49579
1994.65 1.06264 49589
1994.68 1.04404 49599
1994.7 1.02538 49609
1994.73 1.00667 49619
1994.76 0.987886 49629
1994.79 0.969046 49639
1994.81 0.950145 49649
1994.84 0.931183 49659
1994.87 0.90916 49669
1994.9 0.890076 49679
1994.92 0.867932 49689
1994.95 0.848726 49699
1994.98 0.82646 49709
1995.01 0.804133 49719
1995.03 0.781745 49729
1995.06 0.756297 49739
1995.09 0.733787 49749
1995.11 0.708217 49759
1995.14 0.685586 49769
1995.17 0.659894 49779
1995.2 0.637141 49789
1995.22 0.614327 49799
1995.25 0.588452 49809
1995.28 0.562517 49819
1995.31 0.539521 49829
1995.33 0.513464 49839
1995.36 0.490346 49849
1995.39 0.467167 49859
1995.42 0.440927 49869
1995.44 0.417627 49879
1995.47 0.394266 49889
1995.5 0.370844 49899
1995.53 0.347361 49909
1995.55 0.323817 49919
1995.58 0.300212 49929
1995.61 0.279547 49939
1995.64 0.255821 49949
1995.66 0.232033 49959
1995.69 0.214186 49969
1995.72 0.193277 49979
1995.74 0.172307 49989
1995.77 0.151277 49999
1995.8 0.133185 50009
1995.83 0.112033 50019
1995.85 0.0938201 50029
1995.88 0.0755463 50039
1995.91 0.0542116 50049
1995.94 0.0358161 50059
1995.96 0.0143597 50069
1995.99 -0.00415746 50079
1996.02 -0.0227355 50089
1996.05 -0.0443744 50099
1996.07 -0.0630741 50109
1996.1 -0.0848346 50119
1996.13 -0.106656 50129
1996.16 -0.128538 50139
1996.18 -0.150481 50149
1996.21 -0.172485 50159
1996.24 -0.19455 50169
1996.27 -0.219675 50179
1996.29 -0.241862 50189
1996.32 -0.270109 50199
1996.35 -0.292417 50209
1996.38 -0.317786 50219
1996.4 -0.343216 50229
1996.43 -0.371707 50239
1996.46 -0.400258 50249
1996.48 -0.42887 50259
1996.51 -0.457543 50269
1996.54 -0.486277 50279
1996.57 -0.515072 50289
1996.59 -0.543928 50299
1996.62 -0.575844 50309
1996.65 -0.607822 50319
1996.68 -0.63986 50329
1996.7 -0.668959 50339
1996.73 -0.698118 50349
1996.76 -0.727339 50359
1996.79 -0.759621 50369
1996.81 -0.791963 50379
1996.84 -0.821366 50389
1996.87 -0.85083 50399
1996.9 -0.880355 50409
1996.92 -0.909941 50419
1996.95 -0.942587 50429
1996.98 -0.972295 50439
1997 -1.00206 50449
1997.03 -1.03189 50459
1997.06 -1.05878 50469
1997.08 -1.08873 50479
1997.11 -1.11874 50489
1997.14 -1.14882 50499
1997.17 -1.17595 50509
1997.19 -1.20314 50519
1997.22 -1.2304 50529
1997.25 -1.25471 50539
1997.28 -1.28209 50549
1997.3 -1.30953 50559
1997.33 -1.33403 50569
1997.36 -1.35559 50579
1997.39 -1.37721 50589
1997.41 -1.39889 50599
1997.44 -1.42063 50609
1997.47 -1.44243 50619
1997.5 -1.46129 50629
1997.52 -1.47722 50639
1997.55 -1.4932 50649
1997.58 -1.50625 50659
1997.61 -1.51936 50669
1997.63 -1.53252 50679
1997.66 -1.54575 50689
1997.69 -1.55304 50699
1997.71 -1.55739 50709
1997.74 -1.5618 50719
1997.77 -1.56627 50729
1997.8 -1.57081 50739
1997.82 -1.5754 50749
1997.85 -1.57105 50759
1997.88 -1.56677 50769
1997.91 -1.56254 50779
1997.93 -1.55838 50789
1997.96 -1.55128 50799
1997.99 -1.54424 50809
1998.02 -1.53426 50819
1998.04 -1.52434 50829
1998.07 -1.51448 50839
1998.1 -1.50168 50849
1998.13 -1.48594 50859
1998.15 -1.47026 50869
1998.18 -1.45165 50879
1998.21 -1.43009 50889
1998.24 -1.4116 50899
1998.26 -1.39017 50909
1998.29 -1.36579 50919
1998.32 -1.34148 50929
1998.34 -1.31723 50939
1998.37 -1.29304 50949
1998.4 -1.26591 50959
1998.43 -1.24184 50969
1998.45 -1.21484 50979
1998.48 -1.18789 50989
1998.51 -1.16101 50999
1998.54 -1.13418 51009
1998.56 -1.10742 51019
1998.59 -1.08071 51029
1998.62 -1.05107 51039
1998.65 -1.02449 51049
1998.67 -0.997969 51059
1998.7 -0.968509 51069
1998.73 -0.94211 51079
1998.76 -0.915772 51089
1998.78 -0.886495 51099
1998.81 -0.860278 51109
1998.84 -0.834123 51119
1998.87 -0.808028 51129
1998.89 -0.781994 51139
1998.92 -0.756021 51149
1998.95 -0.730108 51159
1998.97 -0.704257 51169
1999 -0.678466 51179
1999.03 -0.655737 51189
1999.06 -0.630068 51199
1999.08 -0.60746 51209
1999.11 -0.584912 51219
1999.14 -0.562426 51229
1999.17 -0.54 51239
1999.19 -0.520636 51249
1999.22 -0.501332 51259
1999.25 -0.482089 51269
1999.28 -0.462907 51279
1999.3 -0.446785 51289
1999.33 -0.427725 51299
1999.36 -0.411725 51309
1999.39 -0.392786 51319
1999.41 -0.376908 51329
1999.44 -0.361091 51339
1999.47 -0.345335 51349
1999.5 -0.329639 51359
1999.52 -0.314004 51369
1999.55 -0.298431 51379
1999.58 -0.285918 51389
1999.61 -0.270465 51399
1999.63 -0.255074 51409
1999.66 -0.242744 51419
1999.69 -0.227474 51429
1999.71 -0.212265 51439
1999.74 -0.200117 51449
1999.77 -0.18503 51459
1999.8 -0.173004 51469
1999.82 -0.158038 51479
1999.85 -0.146134 51489
1999.88 -0.13129 51499
1999.91 -0.119507 51509
1999.93 -0.104785 51519
1999.96 -0.0931237 51529
1999.99 -0.0785233 51539
2000.02 -0.0639837 51549
2000.04 -0.049505 51559
2000.07 -0.0350871 51569
2000.1 -0.02073 51579
2000.13 -0.00643382 51589
2000.15 0.00480156 51599
2000.18 0.0189761 51609
2000.21 0.0300898 51619
2000.24 0.0411427 51629
2000.26 0.0521347 51639
2000.29 0.0630659 51649
2000.32 0.0739363 51659
2000.34 0.0817458 51669
2000.37 0.0894945 51679
2000.4 0.0971823 51689
2000.43 0.107809 51699
2000.45 0.115375 51709
2000.48 0.125881 51719
2000.51 0.133325 51729
2000.54 0.143709 51739
2000.56 0.151032 51749
2000.59 0.158294 51759
2000.62 0.162495 51769
2000.65 0.169635 51779
2000.67 0.176715 51789
2000.7 0.180733 51799
2000.73 0.187691 51809
2000.76 0.194588 51819
2000.78 0.201424 51829
2000.81 0.208199 51839
2000.84 0.214914 51849
2000.87 0.221567 51859
2000.89 0.23116 51869
2000.92 0.237692 51879
2000.95 0.247163 51889
2000.97 0.256573 51899
2001 0.262923 51909
2001.03 0.272211 51919
2001.05 0.278439 51929
2001.08 0.287606 51939
2001.11 0.296712 51949
2001.14 0.305757 51959
2001.16 0.314741 51969
2001.19 0.323665 51979
2001.22 0.329528 51989
2001.25 0.335329 51999
2001.27 0.34107 52009
2001.3 0.346751 52019
2001.33 0.35237 52029
2001.36 0.357929 52039
2001.38 0.363426 52049
2001.41 0.368863 52059
2001.44 0.371239 52069
2001.47 0.373554 52079
2001.49 0.375808 52089
2001.52 0.378002 52099
2001.55 0.377135 52109
2001.57 0.376206 52119
2001.6 0.378217 52129
2001.63 0.380167 52139
2001.66 0.379057 52149
2001.68 0.377885 52159
2001.71 0.376653 52169
2001.74 0.375359 52179
2001.77 0.374005 52189
2001.79 0.37259 52199
2001.82 0.371115 52209
2001.85 0.369578 52219
2001.88 0.364981 52229
2001.9 0.360322 52239
2001.93 0.358603 52249
2001.96 0.356823 52259
2001.99 0.354983 52269
2002.01 0.350081 52279
2002.04 0.345118 52289
2002.07 0.340095 52299
2002.1 0.335011 52309
2002.12 0.332866 52319
2002.15 0.32766 52329
2002.18 0.325394 52339
2002.21 0.320066 52349
2002.23 0.311678 52359
2002.26 0.309229 52369
2002.29 0.303719 52379
2002.31 0.301148 52389
2002.34 0.295516 52399
2002.37 0.289824 52409
2002.4 0.28407 52419
2002.42 0.278256 52429
2002.45 0.275381 52439
2002.48 0.269445 52449
2002.51 0.266448 52459
2002.53 0.260391 52469
2002.56 0.254272 52479
2002.59 0.251093 52489
2002.62 0.247853 52499
2002.64 0.241552 52509
2002.67 0.23819 52519
2002.7 0.231768 52529
2002.73 0.228284 52539
2002.75 0.22174 52549
2002.78 0.218135 52559
2002.81 0.214469 52569
2002.84 0.210742 52579
2002.86 0.203955 52589
2002.89 0.197106 52599
2002.92 0.193197 52609
2002.94 0.189227 52619
2002.97 0.185196 52629
2003 0.178104 52639
2003.03 0.173952 52649
2003.05 0.166738 52659
2003.08 0.162464 52669
2003.11 0.158129 52679
2003.14 0.153733 52689
2003.16 0.152276 52699
2003.19 0.147758 52709
2003.22 0.14318 52719
2003.25 0.13854 52729
2003.27 0.13684 52739
2003.3 0.135079 52749
2003.33 0.133257 52759
2003.36 0.131374 52769
2003.38 0.126431 52779
2003.41 0.124427 52789
2003.44 0.122361 52799
2003.47 0.120235 52809
2003.49 0.118048 52819
2003.52 0.115801 52829
2003.55 0.113492 52839
2003.57 0.108123 52849
2003.6 0.102692 52859
2003.63 0.0972013 52869
2003.66 0.0916494 52879
2003.68 0.0860367 52889
2003.71 0.0773631 52899
2003.74 0.0686286 52909
2003.77 0.0628333 52919
2003.79 0.0569772 52929
2003.82 0.0510603 52939
2003.85 0.0420825 52949
2003.88 0.0360439 52959
2003.9 0.0269444 52969
2003.93 0.0237841 52979
2003.96 0.0175629 52989
2003.99 0.014281 52999
2004.01 0.0109381 53009
2004.04 0.00453448 53019
2004.07 0.00106997 53029
2004.1 0.000544641 53039
2004.12 -4.15295e-05 53049
2004.15 -0.000688545 53059
2004.18 -0.0013964 53069
2004.21 0.000834912 53079
2004.23 5.38677e-06 53089
2004.26 0.00211502 53099
2004.29 0.00416382 53109
2004.31 0.00915178 53119
2004.34 0.0110789 53129
2004.37 0.0159452 53139
2004.4 0.0177506 53149
2004.42 0.0224952 53159
2004.45 0.030179 53169
2004.48 0.0348019 53179
2004.51 0.039364 53189
2004.53 0.0468653 53199
2004.56 0.0543057 53209
2004.59 0.0616852 53219
2004.62 0.069004 53229
2004.64 0.0762619 53239
2004.67 0.0834589 53249
2004.7 0.0905951 53259
2004.73 0.0976705 53269
2004.75 0.104685 53279
2004.78 0.111639 53289
2004.81 0.115532 53299
2004.84 0.122364 53309
2004.86 0.129135 53319
2004.89 0.132845 53329
2004.92 0.136495 53339
2004.94 0.143083 53349
2004.97 0.146611 53359
2005 0.150078 53369
2005.02 0.153484 53379
2005.05 0.15683 53389
2005.08 0.157114 53399
2005.11 0.160338 53409
2005.13 0.160501 53419
2005.16 0.163603 53429
2005.19 0.163644 53439
2005.22 0.163624 53449
2005.24 0.163544 53459
2005.27 0.166402 53469
2005.3 0.1662 53479
2005.33 0.165937 53489
2005.35 0.162613 53499
2005.38 0.162228 53509
2005.41 0.161783 53519
2005.44 0.161276 53529
2005.46 0.157709 53539
2005.49 0.157081 53549
2005.52 0.156392 53559
2005.54 0.155642 53569
2005.57 0.154832 53579
2005.6 0.15396 53589
2005.63 0.153028 53599
2005.65 0.152035 53609
2005.68 0.150981 53619
2005.71 0.152866 53629
2005.74 0.15169 53639
2005.76 0.153454 53649
2005.79 0.155157 53659
2005.82 0.153798 53669
2005.85 0.155379 53679
2005.87 0.1569 53689
2005.9 0.158359 53699
2005.93 0.162757 53709
2005.96 0.164095 53719
2005.98 0.168372 53729
2006.01 0.169588 53739
2006.04 0.173743 53749
2006.07 0.177837 53759
2006.09 0.181871 53769
2006.12 0.188843 53779
2006.15 0.192755 53789
2006.18 0.196606 53799
2006.2 0.203396 53809
2006.23 0.207126 53819
2006.26 0.210794 53829
2006.28 0.217402 53839
2006.31 0.223948 53849
2006.34 0.227434 53859
2006.37 0.233859 53869
2006.39 0.240224 53879
2006.42 0.243527 53889
2006.45 0.24977 53899
2006.48 0.255951 53909
2006.5 0.259072 53919
2006.53 0.265132 53929
2006.56 0.268131 53939
2006.59 0.27407 53949
2006.61 0.279947 53959
2006.64 0.282764 53969
2006.67 0.28852 53979
2006.7 0.291215 53989
2006.72 0.296849 53999
2006.75 0.302422 54009
2006.78 0.307935 54019
2006.8 0.313387 54029
2006.83 0.318777 54039
2006.86 0.324107 54049
2006.89 0.329377 54059
2006.91 0.334585 54069
2006.94 0.342732 54079
2006.97 0.347819 54089
2007 0.355845 54099
2007.02 0.36381 54109
2007.05 0.371714 54119
2007.08 0.379557 54129
2007.11 0.38434 54139
2007.13 0.392061 54149
2007.16 0.399722 54159
2007.19 0.407322 54169
2007.22 0.411861 54179
2007.24 0.419339 54189
2007.27 0.423757 54199
2007.3 0.428113 54209
2007.33 0.432409 54219
2007.35 0.433644 54229
2007.38 0.437818 54239
2007.41 0.438931 54249
2007.44 0.442984 54259
2007.46 0.443975 54269
2007.49 0.444906 54279
2007.52 0.448776 54289
2007.54 0.449585 54299
2007.57 0.450333 54309
2007.6 0.45102 54319
2007.63 0.451647 54329
2007.65 0.452213 54339
2007.68 0.452717 54349
2007.71 0.453161 54359
2007.74 0.453545 54369
2007.76 0.453867 54379
2007.79 0.454128 54389
2007.82 0.454329 54399
2007.85 0.454469 54409
2007.87 0.454548 54419
2007.9 0.454566 54429
2007.93 0.454523 54439
2007.96 0.45442 54449
2007.98 0.454255 54459
2008.01 0.45403 54469
2008.04 0.453744 54479
2008.07 0.453397 54489
2008.09 0.452989 54499
2008.12 0.452521 54509
2008.15 0.451991 54519
2008.18 0.451401 54529
2008.2 0.45075 54539
2008.23 0.447038 54549
2008.26 0.446265 54559
2008.28 0.445432 54569
2008.31 0.444537 54579
2008.34 0.443582 54589
2008.37 0.439566 54599
2008.39 0.438489 54609
2008.42 0.437351 54619
2008.45 0.433153 54629
2008.48 0.431893 54639
2008.5 0.430573 54649
2008.53 0.429192 54659
2008.56 0.42775 54669
2008.59 0.426247 54679
2008.61 0.424683 54689
2008.64 0.420059 54699
2008.67 0.418373 54709
2008.7 0.416627 54719
2008.72 0.41182 54729
2008.75 0.409952 54739
2008.78 0.405024 54749
2008.8 0.403034 54759
2008.83 0.397984 54769
2008.86 0.392873 54779
2008.89 0.387701 54789
2008.91 0.382468 54799
2008.94 0.377174 54809
2008.97 0.371819 54819
2009 0.366404 54829
2009.02 0.360928 54839
2009.05 0.352391 54849
2009.08 0.346793 54859
2009.1 0.341134 54869
2009.13 0.332414 54879
2009.16 0.326634 54889
2009.19 0.317793 54899
2009.21 0.311891 54909
2009.24 0.302928 54919
2009.27 0.296904 54929
2009.3 0.287819 54939
2009.32 0.278674 54949
2009.35 0.272468 54959
2009.38 0.2632 54969
2009.41 0.256872 54979
2009.43 0.247484 54989
2009.46 0.241034 54999
2009.49 0.231523 55009
2009.51 0.221952 55019
2009.54 0.21532 55029
2009.57 0.205627 55039
2009.6 0.198873 55049
2009.62 0.192058 55059
2009.65 0.182183 55069
2009.68 0.175247 55079
2009.71 0.168249 55089
2009.73 0.161191 55099
2009.76 0.154072 55109
2009.79 0.146893 55119
2009.82 0.139652 55129
2009.84 0.135351 55139
2009.87 0.127989 55149
2009.9 0.123566 55159
2009.93 0.116082 55169
2009.95 0.108537 55179
2009.98 0.103931 55189
2010.01 0.0962649 55199
2010.04 0.0885377 55209
2010.06 0.0807496 55219
2010.09 0.0759006 55229
2010.12 0.0679909 55239
2010.15 0.0600203 55249
2010.17 0.0519888 55259
2010.2 0.0438965 55269
2010.23 0.0327434 55279
2010.25 0.0245295 55289
2010.28 0.0132547 55299
2010.31 0.00491902 55309
2010.34 -0.00647746 55319
2010.36 -0.0179348 55329
2010.39 -0.0294529 55339
2010.42 -0.0410319 55349
2010.45 -0.0526717 55359
2010.47 -0.0643724 55369
2010.5 -0.0761339 55379
2010.53 -0.0879563 55389
2010.56 -0.0998394 55399
2010.58 -0.114783 55409
2010.61 -0.126788 55419
2010.64 -0.138854 55429
2010.67 -0.153981 55439
2010.69 -0.166168 55449
2010.72 -0.181416 55459
2010.75 -0.193725 55469
2010.77 -0.209095 55479
2010.8 -0.221526 55489
2010.83 -0.237017 55499
2010.86 -0.24957 55509
2010.88 -0.265183 55519
2010.91 -0.277857 55529
2010.94 -0.293592 55539
2010.97 -0.306388 55549
2010.99 -0.322244 55559
2011.02 -0.335162 55569
2011.05 -0.35114 55579
2011.08 -0.364179 55589
2011.1 -0.380279 55599
2011.13 -0.39344 55609
2011.16 -0.406662 55619
2011.19 -0.422944 55629
2011.21 -0.436287 55639
2011.24 -0.449691 55649
2011.27 -0.466156 55659
2011.3 -0.479682 55669
2011.32 -0.493269 55679
2011.35 -0.506916 55689
2011.38 -0.520625 55699
2011.41 -0.537394 55709
2011.43 -0.551224 55719
2011.46 -0.565115 55729
2011.49 -0.579066 55739
2011.51 -0.593079 55749
2011.54 -0.604152 55759
2011.57 -0.618287 55769
2011.6 -0.632482 55779
2011.62 -0.643737 55789
2011.65 -0.658054 55799
2011.68 -0.669432 55809
2011.71 -0.68387 55819
2011.73 -0.695369 55829
2011.76 -0.706929 55839
2011.79 -0.71855 55849
2011.82 -0.730232 55859
2011.84 -0.741975 55869
2011.87 -0.750778 55879
2011.9 -0.762642 55889
2011.93 -0.771567 55899
2011.95 -0.780553 55909
2011.98 -0.7896 55919
2012.01 -0.798708 55929
2012.04 -0.807876 55939
2012.06 -0.817105 55949
2012.09 -0.826396 55959
2012.12 -0.835747 55969
2012.15 -0.845158 55979
2012.17 -0.854631 55989
2012.2 -0.861165 55999
2012.23 -0.870759 56009
2012.25 -0.880414 56019
2012.28 -0.88713 56029
2012.31 -0.896907 56039
2012.34 -0.903745 56049
2012.36 -0.910643 56059
2012.39 -0.917602 56069
2012.42 -0.924623 56079
2012.45 -0.931704 56089
2012.47 -0.938845 56099
2012.5 -0.946048 56109
2012.53 -0.950312 56119
2012.56 -0.954636 56129
2012.58 -0.959021 56139
2012.61 -0.963467 56149
2012.64 -0.967974 56159
2012.67 -0.972542 56169
2012.69 -0.974171 56179
2012.72 -0.97586 56189
2012.75 -0.97761 56199
2012.77 -0.979421 56209
2012.8 -0.981293 56219
2012.83 -0.983226 56229
2012.86 -0.98522 56239
2012.88 -0.987274 56249
2012.91 -0.989389 56259
2012.94 -0.991565 56269
2012.97 -0.993802 56279
2012.99 -0.9931 56289
2013.02 -0.995459 56299
2013.05 -0.997878 56309
2013.07 -1.00036 56319
2013.1 -1.0029 56329
2013.13 -1.0055 56339
2013.16 -1.00816 56349
2013.18 -1.01089 56359
2013.21 -1.01367 56369
2013.24 -1.01652 56379
2013.27 -1.01942 56389
2013.29 -1.02239 56399
2013.32 -1.02542 56409
2013.35 -1.02851 56419
2013.38 -1.03166 56429
2013.4 -1.03487 56439
2013.43 -1.03814 56449
2013.46 -1.03847 56459
2013.48 -1.04186 56469
2013.51 -1.04532 56479
2013.54 -1.04883 56489
2013.57 -1.05241 56499
2013.59 -1.05604 56509
2013.62 -1.05974 56519
2013.65 -1.0635 56529
2013.68 -1.06732 56539
2013.7 -1.0712 56549
2013.73 -1.07514 56559
2013.76 -1.07914 56569
2013.79 -1.0832 56579
2013.81 -1.08732 56589
2013.84 -1.09151 56599
2013.87 -1.09575 56609
2013.9 -1.10006 56619
2013.92 -1.10442 56629
2013.95 -1.10885 56639
2013.98 -1.11334 56649
2023.15 -6.04328 60000
