SIFUNC 2 2
IFUNC1 49400.000 0 0
IFUNC2 49582.625 0 0
IFUNC3 49765.250 0 0
IFUNC4 49947.875 0 0
IFUNC5 50130.500 0 0
IFUNC6 50313.125 0 0
IFUNC7 50495.750 0 0
IFUNC8 50678.375 0 0
IFUNC9 50861.000 0 0
IFUNC10 51043.625 0 0
IFUNC11 51226.250 0 0
IFUNC12 51408.875 0 0
IFUNC13 51591.500 0 0
IFUNC14 51774.125 0 0
IFUNC15 51956.750 0 0
IFUNC16 52139.375 0 0
IFUNC17 52322.000 0 0
IFUNC18 52504.625 0 0
IFUNC19 52687.250 0 0
IFUNC20 52869.875 0 0
IFUNC21 53052.500 0 0
IFUNC22 53235.125 0 0
IFUNC23 53417.750 0 0
IFUNC24 53600.375 0 0
IFUNC25 53783.000 0 0
IFUNC26 53965.625 0 0
IFUNC27 54148.250 0 0
IFUNC28 54330.875 0 0
IFUNC29 54513.500 0 0
IFUNC30 54696.125 0 0
IFUNC31 54878.750 0 0
IFUNC32 55061.375 0 0
IFUNC33 55244.000 0 0
IFUNC34 55426.625 0 0
IFUNC35 55609.250 0 0
IFUNC36 55791.875 0 0
IFUNC37 55974.500 0 0
CONSTRAIN IFUNC
CLK TT(BIPM2013)
